769267
769277
769280
769281
769292
769295
769299
769303
769306
769312
769316
769320
769328
769330
769334
769338
769339
769341
769343
769349
769363
769372
769377
769380
769382
769399
769400
769401
769408
769409
769413
769419
769426
769429
769430
769434
769444
769450
769452
769454
769467
769469
769470
769471
769268
769270
769290
769294
769298
769304
769340
769345
769350
769352
769357
769358
769362
769367
769368
769371
769375
769378
769381
769385
769388
769393
769395
769397
769398
769402
769405
769407
769414
769418
769421
769425
769435
769440
769448
769455
769458
769461
769465
769475
769481
769483
769485
769493
769496
769502
769506
769519
769523
769530
769534
769540
769554
769560
769567
769574
769575
769577
769581
769597
769600
769610
769614
769616
769625
769628
769631
769639
769646
769649
769651
769659
769664
769665
769678
769679
769682
769832
769269
769272
769273
769274
769286
769288
769296
769300
769302
769307
769308
769319
769322
769326
769331
769333
769335
769337
769346
769355
769356
769361
769366
769370
769383
769386
769406
769415
769422
769423
769424
769433
769437
769438
769442
769445
769449
769451
769453
769460
769464
769474
769479
769482
769487
769491
769494
769499
769500
769271
769275
769276
769278
769282
769287
769291
769297
769305
769310
769311
769313
769314
769317
769318
769324
769325
769342
769347
769348
769353
769354
769359
769364
769374
769376
769379
769387
769389
769267
769277
769280
769281
769292
769295
769299
769303
769306
769312
769316
769320
769328
769330
769334
769338
769339
769341
769343
769349
769363
769372
769377
769380
769382
769399
769400
769401
769408
769409
769413
769419
769426
769429
769430
769434
769444
769450
769452
769454
769467
769469
769470
769471
769268
769270
769290
769294
769298
769304
769340
769345
769350
769352
769357
769358
769362
769367
769368
769371
769375
769378
769381
769385
769388
769393
769395
769397
769398
769402
769405
769407
769414
769418
769421
769425
769435
769440
769448
769455
769458
769461
769465
769475
769481
769483
769485
769493
769496
769502
769506
769519
769523
769530
769534
769540
769554
769560
769567
769574
769575
769577
769581
769597
769600
769610
769614
769616
769625
769628
769631
769639
769646
769649
769651
769659
769664
769665
769678
769679
769682
769832
769269
769272
769273
769274
769286
769288
769296
769300
769302
769307
769308
769319
769322
769326
769331
769333
769335
769337
769346
769355
769356
769361
769366
769370
769383
769386
769406
769415
769422
769423
769424
769433
769437
769438
769442
769445
769449
769451
769453
769460
769464
769474
769479
769482
769487
769491
769494
769499
769500
769271
769275
769276
769278
769282
769287
769291
769297
769305
769310
769311
769313
769314
769317
769318
769324
769325
769342
769347
769348
769353
769354
769359
769364
769374
769376
769379
769387
769389
769391
769404
769410
769416
769427
769431
769439
769447
769457
769459
769462
769466
769472
769476
769477
769484
769486
769488
769490
769492
769495
769509
769515
769518
769525
769536
769539
769541
769543
769545
769559
769563
769570
769571
769578
769579
769589
769592
769598
769602
769603
769605
769609
769612
769620
769623
769680
769681
769686
769690
769694
769695
769696
769697
769700
769703
769705
769279
769283
769284
769285
769289
769293
769301
769309
769315
769321
769323
769327
769329
769332
769336
769344
769572
769576
769580
769601
769604
769607
769611
769617
769622
769626
769634
769642
769647
769650
769654
769666
769683
769685
769688
769689
769693
769698
769699
769702
769706
769708
769712
769713
769714
769717
769718
769720
769724
769725
769729
769731
769734
769735
769737
769744
769746
769748
769753
769755
769757
769760
769762
769763
769766
769768
769770
769772
769774
769778
769779
769784
769787
769789
769792
769794
769796
769799
769800
769804
769806
769810
769813
769815
769816
769817
769819
769820
769351
769360
769365
769369
769373
769384
769390
769392
769394
769396
769403
769411
769412
769417
769420
769428
769432
769436
769441
769443
769446
769456
769463
769468
769473
769480
769489
769498
769503
769507
769513
769514
769522
769524
769527
769535
769546
769553
769557
769564
769566
769582
769584
769586
769587
769591
769596
769606
769613
769615
769618
769621
769629
769632
769637
769640
769641
769645
769653
769655
769658
769662
769671
769674
769676
769684
769687
769691
769701
769707
769711
769715
769716
769721
769722
769723
769726
769727
769730
769732
769733
769736
769739
769740
769747
769749
769751
769754
769758
769767
769771
769777
769780
769781
769786
769797
769801
769808
769821
769823
769478
769497
769501
769504
769510
769516
769526
769529
769532
769537
769542
769544
769547
769548
769550
769555
769558
769562
769627
769635
769638
769643
769648
769652
769660
769661
769663
769669
769672
769673
769675
769741
769759
769765
769769
769775
769785
769790
769795
769803
769807
769811
769818
769822
769824
769826
769828
769830
769834
769836
769839
769841
769842
769843
769844
769846
769847
769848
769851
769853
769855
769856
769857
769859
769862
769865
769866
769867
769868
769869
769872
769873
769876
769878
769880
769882
769883
769884
769887
769888
769889
769890
769891
769892
769893
769894
769895
769896
769897
769898
769899
769900
769901
769902
769903
769904
769905
769906
769907
769908
769909
769910
769911
769912
769913
769914
769505
769508
769511
769512
769517
769520
769521
769528
769531
769533
769538
769549
769551
769552
769556
769561
769565
769568
769569
769573
769583
769585
769588
769590
769593
769594
769595
769599
769608
769619
769624
769630
769633
769636
769644
769656
769657
769667
769668
769670
769677
769692
769704
769709
769710
769719
769728
769738
769742
769743
769745
769750
769752
769756
769761
769764
769773
769776
769782
769783
769788
769791
769793
769798
769802
769805
769809
769812
769814
769825
769827
769829
769831
769833
769835
769837
769838
769840
769845
769849
769850
769852
769854
769858
769860
769861
769863
769864
769870
769871
769874
769875
769877
769879
769881
769885
769886
769915
769923
769927
769935
769944
769947
769950
769955
769960
769967
769973
769982
769986
769992
769995
770003
770027
770032
770038
770041
770046
770053
770058
770060
770065
770067
770074
770075
770079
770089
770097
770100
770104
770111
770119
770124
770135
770136
770138
770143
770153
770162
770164
770167
770174
770179
770183
770187
770189
770191
770197
770200
770204
770208
770213
770222
770230
770236
770240
770247
770248
770255
770261
770272
770274
770280
770290
770291
770295
770298
770304
770311
770314
770319
770324
770330
770339
770343
770348
770352
770359
770360
770362
770371
770377
770383
770388
770391
770395
770399
770403
770405
770411
770416
770418
770425
770428
770430
770435
770437
770445
770450
770454
770461
770471
770475
770482
770485
770492
770498
770505
770508
769916
769922
769926
769930
769933
769934
769939
769948
769952
769959
769968
769972
769976
769983
769987
769993
769996
769997
770011
770015
770021
770023
770030
770031
770033
770043
770047
770048
770055
770069
770072
770077
770081
770098
770102
770106
770109
770110
770114
770120
770122
770180
770184
770188
770194
770198
770201
770210
770214
770217
770220
770223
770227
770233
770238
770241
770243
770245
770250
770258
770262
770267
770270
770277
770285
770288
770292
770294
770301
770307
770313
770316
770317
770318
770327
770329
770332
770333
770337
770341
770342
770344
770350
770357
770364
770368
770374
770379
770384
770387
770393
770400
770406
770408
770414
770420
770423
770429
770431
770438
770442
770446
770455
770463
770473
770477
770480
770487
770496
770501
770504
770506
769917
769921
769932
769938
769940
769945
770008
770013
770018
770029
770039
770040
770045
770052
770056
770059
770063
770066
770071
770076
770080
770083
770084
770086
770088
770092
770096
770103
770108
770115
770117
770121
770126
770133
770140
770145
770146
770151
770155
770158
770169
770171
770182
770190
770195
770196
770202
770211
770215
770228
770235
770242
770246
770253
770256
770259
770263
770266
770269
770273
770278
770282
770284
770289
770296
770299
770300
770302
770306
770308
770310
770320
770540
770544
770547
770549
770553
770554
770559
770562
770571
770574
770582
770586
770591
770594
770598
770602
770609
770617
770621
770627
770634
770639
770644
770650
770653
770656
770660
770663
770673
770678
770686
770691
770695
770701
770705
770711
770715
770721
770728
770736
770755
769918
769920
769924
769929
769936
769937
769942
769946
769951
769958
769963
769964
769969
769971
769974
769978
769988
769990
769998
770004
770127
770132
770141
770147
770150
770152
770156
770161
770165
770168
770173
770178
770185
770192
770203
770205
770207
770209
770212
770216
770219
770221
770224
770225
770229
770231
770237
770244
770251
770260
770264
770275
770279
770283
770303
770305
770309
770312
770315
770325
770334
770340
770345
770351
770355
770361
770366
770367
770369
770376
770382
770386
770390
770409
770413
770422
770427
770434
770439
770443
770448
770449
770452
770457
770460
770464
770468
770474
770479
770483
770488
770489
770490
770499
770503
770512
770518
770522
770528
770536
770542
770546
770550
770557
770561
770563
770564
770570
770575
770577
770587
770588
769919
769925
769928
769931
769941
769943
769949
769953
769956
769962
769965
769970
769977
769984
769989
769994
770000
770002
770005
770007
770012
770017
770020
770024
770025
770028
770034
770035
770037
770044
770051
770054
770057
770062
770068
770078
770090
770093
770095
770105
770112
770123
770128
770130
770134
770137
770142
770144
770154
770160
770163
770170
770177
770181
770186
770193
770199
770206
770218
770226
770232
770234
770239
770249
770252
770254
770257
770265
770268
770271
770276
770281
770286
770287
770293
770297
770322
770331
770336
770346
770353
770358
770365
770372
770375
770378
770380
770381
770392
770394
770398
770401
770407
770417
770426
770432
770440
770447
770451
770456
770465
770467
770472
770476
770478
770484
770491
770494
770495
770511
770514
770523
769954
769957
769961
769966
769975
769979
769980
769981
769985
769991
769999
770001
770006
770009
770010
770014
770016
770019
770022
770026
770036
770042
770049
770050
770061
770064
770070
770073
770082
770085
770087
770091
770094
770099
770101
770107
770113
770116
770118
770125
770129
770131
770139
770148
770149
770157
770159
770166
770172
770175
770176
770321
770323
770326
770328
770335
770338
770347
770349
770354
770356
770363
770370
770373
770385
770389
770396
770397
770402
770404
770410
770412
770415
770419
770421
770424
770433
770436
770441
770444
770453
770458
770459
770462
770466
770469
770470
770481
770486
770493
770497
770500
770502
770507
770510
770516
770521
770526
770531
770533
770534
770538
770584
770592
770595
770600
770603
770607
770610
770611
770614
770616
770618
770626
770509
770513
770517
770520
770525
770530
770532
770545
770558
770567
770568
770572
770576
770580
770583
770589
770593
770599
770604
770605
770612
770613
770620
770628
770631
770633
770638
770640
770642
770646
770649
770654
770657
770664
770667
770671
770675
770681
770688
770696
770700
770704
770709
770713
770719
770723
770727
770734
770742
770744
770749
770750
770754
770758
770762
770768
770773
770775
770778
770787
770792
770794
770795
770798
770804
770806
770807
770811
770814
770820
770831
770834
770840
770843
770848
770853
770856
770861
770862
770868
770939
770942
770951
770955
770958
770960
770961
770966
770970
770975
770983
770984
770986
770989
770993
770997
771005
771010
771013
771017
771091
771096
771105
771110
771111
771115
771118
771124
771129
771130
771139
771143
771146
770515
770519
770524
770529
770535
770537
770541
770552
770555
770560
770566
770573
770579
770581
770825
770826
770827
770828
770829
770837
770839
770844
770851
770854
770859
770867
770872
770883
770887
770894
770901
770905
770911
770913
770916
770921
770928
770933
770938
770941
770944
770947
770949
770956
770963
770969
770974
770976
770979
770981
770990
770994
771000
771003
771008
771014
771018
771024
771026
771034
771044
771048
771052
771055
771058
771061
771070
771077
771081
771086
771090
771098
771103
771113
771116
771126
771133
771136
771141
771145
771432
771437
771441
771448
771449
771452
771462
771469
771473
771481
771490
771492
771497
771505
771513
771515
771522
771526
771538
771542
771546
771550
771553
771566
771569
771578
771582
771587
771592
771598
771601
770527
770539
770543
770548
770551
770556
770565
770569
770578
770585
770596
770601
770608
770615
770623
770624
770632
770636
770641
770648
770652
770655
770662
770665
770668
770669
770680
770682
770687
770692
770703
770707
770714
770717
770720
770729
770732
770735
770739
770743
770745
770753
770761
770763
770767
770771
770777
770783
770800
770802
770810
770815
770838
770842
770846
770860
770865
770870
770875
770876
770880
770886
770890
770898
770902
770906
770909
770912
770918
770922
770923
770932
770937
770945
770953
770964
770968
770972
770995
770998
771002
771006
771007
771011
771016
771020
771029
771037
771039
771042
771047
771051
771056
771060
771069
771072
771075
771080
771150
771154
771164
771170
771174
771178
771182
771192
771197
771206
771210
771216
771221
771228
771233
770590
770597
770606
770619
770622
770625
770629
770635
770643
770647
770651
770658
770666
770670
770674
770676
770679
770684
770689
770693
770694
770702
770708
770712
770716
770722
770725
770730
770738
770740
770747
770751
770757
770766
770772
770779
770786
770799
770803
770809
770812
770817
770821
770823
770824
770874
770878
770881
770888
770895
770896
770903
770904
770908
770927
770930
770936
770943
770948
770957
770962
770967
770973
770977
770985
770987
770988
770991
770996
771001
771012
771022
771025
771028
771035
771038
771041
771045
771050
771065
771068
771076
771078
771083
771089
771093
771097
771104
771109
771120
771122
771128
771131
771135
771147
771152
771157
771161
771166
771167
771175
771177
771181
771185
771188
771190
771196
771201
771204
771207
771212
771217
770630
770637
770645
770659
770661
770672
770677
770683
770685
770690
770697
770698
770699
770706
770710
770718
770724
770726
770731
770733
770737
770741
770746
770748
770752
770756
770759
770764
770765
770769
770774
770782
770785
770790
770791
770797
770801
770816
770819
770830
770835
770836
770849
770850
770857
770863
770866
770869
770879
770884
770885
770889
770893
770897
770900
770910
770914
770915
770919
770920
770925
770934
770940
770946
770950
770952
770954
770959
770965
770971
770978
770980
770982
770992
770999
771004
771009
771015
771019
771027
771030
771032
771040
771049
771054
771059
771063
771066
771071
771074
771079
771085
771088
771094
771095
771100
771102
771108
771112
771119
771123
771127
771132
771140
771144
771148
771149
771153
771156
771158
771160
771165
770760
770770
770776
770780
770781
770784
770788
770789
770793
770796
770805
770808
770813
770818
770822
770832
770833
770841
770845
770847
770852
770855
770858
770864
770871
770873
770877
770882
770891
770892
770899
770907
770917
770924
770926
770929
770931
770935
771021
771023
771031
771033
771036
771043
771046
771053
771057
771062
771064
771067
771073
771082
771084
771087
771092
771099
771101
771106
771107
771114
771117
771121
771125
771134
771137
771138
771142
771151
771159
771163
771171
771173
771176
771179
771187
771189
771194
771198
771203
771213
771218
771219
771230
771234
771238
771251
771252
771260
771265
771268
771276
771281
771285
771291
771294
771295
771299
771304
771308
771310
771321
771327
771331
771337
771340
771344
771346
771349
771351
771359
771363
771372
771155
771162
771169
771180
771679
771681
771689
771692
771697
771702
771706
771713
771717
771722
771733
771736
771739
771742
771746
771759
771764
771769
771776
771781
771782
771786
771222
771224
771226
771227
771239
771241
771242
771247
771253
771261
771263
771272
771280
771289
771293
771296
771298
771302
771313
771319
771323
771332
771333
771334
771335
771339
771343
771354
771358
771364
771373
771378
771383
771395
771397
771400
771404
771411
771416
771417
771427
771429
771434
771442
771445
771455
771456
771460
771461
771468
771470
771477
771483
771489
771499
771503
771506
771510
771517
771524
771529
771532
771540
771544
771548
771554
771565
771570
771571
771575
771584
771588
771594
771604
771608
771611
771619
771623
771628
771629
771630
771638
771641
771644
771649
771653
771663
771668
771671
771678
771683
771686
771696
771699
771701
771707
771712
771716
772007
772012
772015
772018
772020
772023
772027
772031
772036
772040
772048
772051
772054
772057
772060
772063
771236
771243
771244
771250
771258
771262
771266
771273
771283
771286
771287
771292
771300
771301
771307
771314
771318
771322
771326
771330
771338
771345
771350
771355
771361
771365
771371
771375
771380
771386
771389
771394
771407
771409
771412
771419
771425
771431
771435
771440
771447
771454
771457
771463
771467
771478
771480
771484
771487
771494
771498
771502
771509
771646
771654
771657
771662
771667
771669
771670
771673
771680
771682
771690
771691
771695
771705
771709
771721
771726
771730
771732
771740
771747
771751
771752
771753
771754
771758
771768
771775
771787
771790
771792
771797
771808
771813
771823
771824
771825
771831
771839
771842
771848
771852
771855
771859
771860
771868
771879
771884
771886
771893
771898
771903
771907
771912
771921
771924
771928
771932
771935
771379
771385
771391
771396
771401
771405
771410
771414
771421
771424
771428
771436
771439
771444
771446
771451
771453
771459
771471
771474
771476
771482
771486
771491
771495
771500
771504
771507
771512
771516
771519
771523
771527
771530
771533
771535
771539
771541
771545
771549
771556
771559
771562
771564
771568
771574
771579
771583
771585
771591
771596
771599
771603
771615
771624
771633
771636
771643
771647
771648
771650
771656
771660
771665
771674
771676
771685
771687
771693
771700
771703
771708
771710
771714
771715
771718
771724
771728
771731
771735
771745
771750
771755
771761
771767
771777
771779
771791
771795
771802
771804
771807
771812
771818
771819
771826
771830
771834
771840
771845
771846
771851
771858
771861
771863
771867
771869
771876
771883
771885
771887
771891
771896
771605
771609
771614
771618
771621
771626
771632
771634
771642
771723
771729
771738
771744
771749
771756
771760
771770
771771
771773
771778
771783
771784
771789
771794
771796
771800
771805
771810
771814
771820
771836
771838
771847
771849
771854
771866
771872
771878
771880
771894
771897
771901
771909
771915
771917
771920
771926
771929
771936
771943
771949
771954
771956
771962
771972
771974
771979
771982
771986
771989
771995
771999
772002
772074
772079
772083
772086
772093
772095
772102
772103
772107
772113
772115
772116
772123
772126
772129
772135
772139
772141
772146
772150
772153
772158
772159
772163
772169
772172
772176
772183
772188
772190
772192
772194
772197
772199
772204
772207
772214
772217
772221
772224
772227
772231
772232
772239
772240
772243
772246
772249
772252
772254
772263
771748
771757
771762
771763
771765
771766
771772
771774
771780
771785
771788
771799
771801
771809
771816
771822
771828
771829
771832
771833
771837
771841
771843
771850
771857
771862
771870
771873
771877
771882
771890
771895
771902
771906
771911
771913
771918
771922
771925
771930
771934
771937
771947
771952
771958
771963
771968
771976
771983
771987
771991
771996
772001
772005
772009
772011
772014
772017
772021
772025
772029
772033
772037
772041
772046
772050
772055
772058
772065
772070
772131
772133
772136
772137
772142
772148
772154
772156
772164
772165
772173
772178
772181
772185
772593
772597
772601
772604
772608
772610
772616
772620
772621
772626
772631
772634
772636
772638
772641
772645
772649
772651
772653
772656
772666
772669
772672
772677
772678
772682
772686
772688
772693
772698
771793
771798
771803
771806
771811
771815
771817
771821
771827
771835
771844
771853
771856
771864
771865
771871
771874
771875
771881
771888
771889
771892
771899
771905
771910
771916
771923
771933
771939
771941
771946
771950
771953
780672
780674
780677
780680
780697
780699
780721
780723
780724
780726
780728
780733
780735
780783
780785
780792
780793
771900
771904
771908
771914
771919
771927
771931
771940
771942
771945
771948
771955
771957
771960
771961
771964
771969
771971
771973
771977
771981
771985
771990
771992
771994
771998
772000
772004
772010
772024
772028
772032
772035
772039
772044
772047
772052
772059
772062
772067
772069
772072
772075
772077
772084
772087
772091
772096
772099
772105
772111
772117
772120
772122
772127
772191
772196
772200
772203
772208
772211
772213
772218
772223
772225
772230
772201
772234
772236
772237
772242
772245
772248
772253
772258
772261
772265
772268
772275
772279
772282
772284
772287
772292
772298
772299
772303
772306
772313
772320
772324
772327
772330
772332
772336
772338
772344
772351
772356
772360
772364
772366
772370
772372
772377
772380
772389
772392
772393
772396
772399
772402
772403
772407
772409
772410
772416
771938
771944
771951
771959
771965
771966
771967
771970
771975
771978
771980
771984
771988
771993
771997
772003
772006
772008
772013
772016
772019
772022
772026
772030
772034
772038
772042
772043
772045
772049
772053
772056
772061
772064
772068
772073
772078
772080
772085
772089
772090
772094
772100
772104
772109
772112
772121
772124
772130
772132
772138
772143
772145
772149
772151
772155
772162
772167
772168
772171
772175
772179
772180
772184
772187
772195
772206
772209
772212
772215
772220
772226
772228
772235
772238
772244
772247
772250
772256
772259
772262
772267
772271
772272
772273
772278
772283
772290
772293
772297
772301
772305
772307
772311
772315
772318
772321
772325
772328
772334
772341
772345
772347
772350
772352
772355
772357
772361
772367
772369
772371
772374
772375
772378
772066
772071
772076
772081
772082
772088
772092
772097
772098
772101
772106
772108
772110
772114
772118
772119
772125
772128
772134
772140
772144
772147
772152
772157
772160
772161
772166
772170
772174
772177
772182
772186
772189
772193
772198
772202
772205
772210
772216
772219
772222
772229
772233
772241
772251
772255
772257
772260
772264
772269
772274
772277
772285
772286
772289
772294
772296
772300
772304
772308
772310
772314
772316
772319
772323
772326
772331
772335
772339
772342
772346
772349
772354
772359
772362
772363
772381
772387
772391
772395
772400
772405
772411
772417
772421
772423
772432
772434
772438
772442
772444
772448
772451
772455
772459
772465
772468
772471
772476
772481
772486
772488
772492
772496
772499
772501
772512
772517
772520
772522
772525
772530
772533
772536
772541
772545
772266
772270
772276
772280
772281
772288
772291
772295
772302
772309
772312
772317
772322
772329
772333
772337
772340
772343
772348
772353
772358
772365
772368
772373
772376
772382
772383
772386
772390
772394
772397
772398
772406
772413
772414
772418
772425
772428
772431
772436
772441
772447
772449
772452
772458
772463
772467
772475
772480
772484
772490
772495
772498
772502
772510
772515
772518
772527
772531
772537
772540
772544
772550
772553
772554
772699
772557
772559
772563
772568
772575
772578
772580
772584
772586
772590
772596
772599
772606
772611
772613
772617
772625
772630
772632
772640
772648
772652
772921
772926
772929
772933
772938
772942
772946
772952
772958
772963
772966
772968
772970
772975
772976
772980
772985
772986
772992
772993
772996
773003
773006
773009
773011
773016
772379
772384
772385
772388
772401
772404
772408
772412
772415
772420
772424
772427
772429
772435
772439
772445
772450
772454
772460
772462
772464
772470
772472
772474
772478
772482
772485
772491
772494
772497
772503
772506
772508
772509
772513
772514
772519
772526
772528
772532
772535
772539
772543
772547
772551
772556
772560
772566
772570
772573
772577
772581
772587
772591
772659
772660
772663
772665
772670
772676
772681
772684
772689
772692
772695
772704
772708
772714
772718
772720
772722
772725
772729
772733
772738
772743
772745
772747
772752
772754
772759
772763
772764
772766
772769
772770
772773
772774
772778
772781
772785
772791
772796
772798
772802
772804
772807
772809
772812
772815
772820
772824
772830
772833
772838
772845
772846
772851
772855
772858
772863
772419
772422
772426
772430
772433
772437
772440
772443
772446
772453
772456
772457
772461
772466
772469
772473
772477
772479
772483
772487
772489
772493
772500
772504
772505
772507
772511
772516
772521
772523
772524
772529
772534
772538
772542
772546
772549
772565
772567
772571
772574
772579
772582
772589
772592
772595
772600
772603
772607
772614
772619
772623
772627
772629
772635
772639
772643
772644
772647
772650
772655
772658
772664
772673
772674
772675
772680
772683
772687
772691
772694
772700
772706
772710
772715
772719
772721
772726
772731
772735
772739
772742
772749
772750
772755
772758
772762
772776
772779
772784
772787
772792
772793
772797
772800
772805
772811
772814
772816
772819
772823
772826
772828
772831
772836
772837
772841
772844
772847
772849
772853
772857
772548
772552
772555
772558
772561
772562
772564
772569
772572
772576
772583
772585
772588
772594
772598
772602
772605
772609
772612
772615
772618
772622
772624
772628
772633
772637
772642
772646
772654
772657
772661
772662
772667
772668
772671
772679
772685
772690
772696
772697
772701
772703
772709
772716
772724
772728
772730
772734
772737
772740
772744
772748
772751
772756
772761
772768
772772
772775
772780
772783
772788
772790
772794
772801
772806
772808
772813
772818
772822
772827
772834
772840
772843
772850
772854
772861
772867
772869
772873
772880
772881
772885
772888
772893
772908
772909
772914
772920
773205
773208
773210
773216
773220
773223
773225
773229
773231
773235
773239
773240
773244
773251
773257
773263
773266
773271
773275
773284
773288
773293
773297
772702
772705
772707
772711
772712
772713
772717
772723
772727
772732
772736
772741
772746
772753
772757
772760
772765
772767
772771
772777
772782
772786
772789
772795
772799
772803
772810
772817
772821
772825
772829
772832
772835
772839
772842
772848
772852
772856
772859
772864
772868
772871
772874
772875
772878
772879
772882
772886
772889
772890
772892
772896
772898
772902
772904
772906
772910
772915
772918
772922
772927
772931
772934
772937
772940
772944
772948
772950
772955
772965
772969
772972
772974
772978
772983
772991
772997
773000
773005
773008
773010
773015
773019
773022
773027
773031
773033
773036
773042
773046
773048
773050
773054
773057
773059
773062
773071
773073
773077
773083
773085
773090
773095
773098
773103
773110
773113
773122
773125
773126
772860
772862
772865
772870
772877
772883
772895
772899
772901
772911
772913
772916
772919
772924
772930
772936
772941
772947
772951
772954
772957
772959
772961
772967
772973
772977
772981
772988
772990
772994
772995
773001
773002
773004
773007
773013
773021
773023
773025
773028
773032
773035
773039
773043
773047
773052
773055
773063
773065
773069
773072
773076
773079
773081
773086
773089
773091
773094
773096
773099
773102
773106
773112
773115
773119
773121
773129
773132
773134
773139
773142
773149
773154
773157
773160
773165
773168
773174
773177
773180
773184
773188
773190
773197
773202
773262
773265
773269
773270
773272
773277
773280
773283
773285
773289
773292
773295
773301
773304
773308
773309
773312
773315
773319
773324
773329
773331
773336
773342
773344
773349
772866
772872
772876
772884
772887
772891
772894
772897
772900
772903
772905
772907
772912
772917
772923
772925
772928
772932
772935
772939
772943
772945
772949
772953
772956
772960
772962
772964
772971
772979
772982
772984
772987
772989
772998
772999
773012
773014
773018
773026
773030
773037
773038
773041
773044
773049
773053
773058
773061
773066
773070
773075
773080
773087
773092
773097
773100
773104
773107
773109
773114
773117
773123
773128
773133
773140
773144
773146
773150
773152
773155
773162
773166
773172
773175
773179
773182
773189
773192
773199
773201
773204
773209
773214
773218
773224
773227
773232
773237
773242
773252
773255
773260
773264
773268
773273
773276
773278
773281
773287
773290
773296
773299
773307
773310
773314
773318
773322
773325
773328
773332
773334
773338
773017
773020
773024
773029
773034
773040
773045
773051
773056
773060
773064
773067
773068
773074
773078
773082
773084
773088
773093
773101
773105
773108
773111
773116
773118
773120
773124
773127
773131
773135
773137
773138
773141
773143
773147
773153
773156
773159
773161
773164
773167
773170
773173
773178
773181
773185
773187
773191
773196
773200
773206
773207
773212
773215
773219
773226
773234
773238
773241
773245
773247
773253
773256
773258
773261
773267
773274
773279
773282
773286
773291
773294
773300
773306
773311
773316
773320
773326
773335
773346
773351
773354
773356
773360
773363
773366
773369
773375
773380
773384
773391
773394
773397
773400
773401
773404
773408
773413
773417
773419
773424
773429
773431
773435
773440
773504
773509
773513
773519
773523
773526
773530
773531
773539
773130
773136
773145
773148
773151
773158
773163
773169
773171
773176
773183
773186
773193
773194
773195
773198
773203
773211
773213
773217
773221
773222
773228
773230
773233
773236
773243
773246
773248
773249
773250
773254
773259
773443
773446
773449
773458
773464
773468
773473
773476
773480
773486
773493
773496
773501
773503
773507
773510
773514
773517
773520
773525
773532
773536
773542
773544
773549
773551
773556
773562
773565
773568
773573
773577
773580
773581
773585
773587
773597
773601
773602
773605
773611
773615
773621
773624
773627
773630
773637
773644
773650
773656
773658
773661
773664
773668
773672
773675
773678
773683
773684
773687
773691
773699
773701
773706
773708
773719
773721
773722
773724
773728
773730
773733
773737
773741
773760
773765
773766
773770
773774
773779
773298
773302
773303
773305
773313
773317
773321
773323
773327
773330
773333
773337
773340
773343
773345
773348
773355
773359
773364
773368
773372
773376
773378
773383
773386
773389
773395
773398
773403
773411
773414
773421
773426
773432
773433
773436
773439
773442
773447
773450
773454
773457
773461
773467
773471
773474
773479
773482
773485
773490
773492
773497
773499
773502
773505
773508
773511
773515
773518
773522
773527
773529
773533
773535
773537
773541
773547
773553
773557
773560
773563
773567
773574
773578
773582
773588
773593
773596
773598
773603
773606
773608
773609
773610
773618
773622
773625
773631
773635
773640
773642
773646
773649
773657
773660
773665
773671
773674
773677
773681
773686
773689
773695
773696
773700
773703
773705
773709
773715
773717
773726
773731
773735
773738
773742
773339
773341
773347
773353
773357
773361
773371
773374
773379
773382
773385
773388
773392
773393
773399
773406
773410
773412
773415
773418
773422
773425
773427
773430
773434
773438
773441
773445
773452
773456
773459
773462
773465
773469
773472
773478
773483
773487
773488
773491
773495
773498
773710
773712
773714
773718
773723
773725
773734
773739
773745
773748
773751
773754
773758
773762
773764
773767
773771
773775
773781
773783
773789
773794
773798
773804
773805
773809
773815
773820
773826
773835
773838
773843
773847
773852
773858
773862
773867
773870
773879
773884
773887
773891
773894
773897
773901
773910
773912
773918
773921
773925
773927
773929
773932
773934
773938
773939
773944
773948
773949
773956
773986
773989
773994
773997
774000
774006
774013
774019
774022
774024
774029
774033
773350
773352
773358
773362
773365
773367
773370
773373
773377
773381
773387
773390
773396
773402
773405
773407
773409
773416
773420
773423
773428
773437
773444
773448
773451
773453
773455
773460
773463
773466
773470
773475
773477
773481
773484
773489
773494
773500
773506
773512
773516
773521
773524
773528
773534
773538
773540
773546
773548
773554
773558
773564
773566
773569
773572
773576
773583
773589
773590
773592
773595
773600
773607
773612
773617
773619
773623
773628
773634
773639
773643
773647
773652
773654
773659
773662
773667
773670
773676
773679
773682
773690
773692
773694
773698
773702
773707
773711
773957
773960
773966
773969
773972
773978
773981
773985
773987
773990
773993
773996
774005
774008
774010
774014
774015
774018
774020
774027
774032
774034
774037
774043
774047
774058
774061
773543
773545
773550
773552
773555
773559
773561
773570
773571
773575
773579
773584
773586
773591
773594
773599
773604
773613
773614
773616
773620
773626
773629
773632
773633
773636
773638
773641
773645
773648
773651
773653
773655
773663
773666
773669
773673
773680
773685
773688
773693
773697
773704
773713
773716
773720
773727
773729
773732
773736
773740
773743
773744
773746
773749
773753
773755
773757
773761
773769
773772
773777
773780
773784
773791
773795
773799
773803
773807
773812
773817
773821
773824
773827
773831
773832
773836
773840
773848
773851
773857
773861
773865
773868
773873
773874
773875
773880
773885
773888
773892
773898
773902
773905
773908
773914
773920
773926
773930
773936
773943
773947
773950
773953
773961
773964
773971
773973
773976
773979
773983
773988
773991
773998
774002
773747
773750
773752
773756
773759
773763
773768
773773
773776
773778
773785
773788
773792
773793
773796
773801
773802
773808
773811
773814
773818
773823
773825
773829
773834
773837
773841
773845
773849
773854
773856
773860
773864
773869
773872
773877
773882
773890
773893
773895
773899
773903
773906
773909
773915
773916
773922
773924
773933
773937
773941
773945
773951
773954
773955
773959
773963
773968
773974
773977
773982
776260
776261
776265
776267
776270
776273
776276
776280
776283
776287
776288
776291
776296
776299
776304
776308
776310
776313
776318
776321
776323
776326
776327
776328
776331
776334
776339
776340
776343
776487
776490
776493
776497
776501
776502
776506
776509
776511
776517
776519
776524
776527
776530
776531
776532
776534
776535
776539
776542
776544
776549
773782
773786
773787
773790
773797
773800
773806
773810
773813
773816
773819
773822
773828
773830
773833
773839
773842
773844
773846
773850
773853
773855
773859
773863
773866
773871
773876
773878
773881
773883
773886
773889
773896
773900
773904
773907
773911
773913
773917
773919
773923
773928
773931
773935
773940
773942
773946
773952
773958
773962
773965
773967
773970
773975
773980
773984
773992
773995
773999
774001
774003
774007
774011
774016
774023
774025
774028
774030
774036
774041
774046
774051
774053
774056
774059
774063
774074
774168
774173
774175
774178
774181
774187
774189
774194
774201
774204
774213
774217
774219
774225
774229
774236
774239
774245
774247
774251
774255
774260
774263
774272
774277
774279
774281
774283
774287
774291
774293
774296
774298
774302
774305
774313
774319
774321
774004
774009
774012
774017
774021
774026
774031
774035
774038
774042
774049
774052
774054
774057
774060
774064
774071
774073
774076
774080
774085
774088
774089
774093
774096
774097
774099
774100
774103
774104
774109
774111
774113
774116
774118
774120
774121
774124
774125
774126
774127
774130
774132
774135
774136
774137
774140
774143
774145
774148
774150
774151
774154
774155
774156
774157
774160
774161
774164
774165
774167
774171
774174
774176
774182
774186
774191
774198
774200
774203
774207
774208
774210
774211
774214
774218
774221
774224
774228
774231
774234
774238
774241
774243
774250
774252
774256
774257
774262
774265
774269
774270
774276
774285
774288
774292
774295
774297
774301
774304
774307
774309
774312
774315
774320
774329
774333
774336
774340
774342
774345
774346
774354
774356
774359
774360
774485
774039
774040
774044
774045
774048
774050
774055
774062
774066
774070
774072
774075
774079
774082
774084
774086
774090
774094
774098
774102
774107
774114
774117
774122
774129
774131
774138
774142
774144
774147
774152
774158
774163
774170
774172
774177
774179
774184
774185
774193
774195
774197
774199
774206
774209
774212
774215
774220
774223
774230
774233
774237
774242
774244
774248
774253
774258
774261
774264
774267
774271
774275
774278
774282
774289
774294
774300
774303
774306
774308
774310
774314
774317
774323
774326
774328
774332
774334
774338
774347
774351
774355
774361
774364
774367
774370
774375
774377
774382
774386
774389
774393
774396
774400
774405
774410
774414
774415
774418
774420
774425
774430
774433
774436
774439
774443
774449
774451
774455
774457
774460
774462
774469
774474
774476
774480
774065
774067
774068
774069
774077
774078
774081
774083
774087
774091
774092
774095
774101
774105
774106
774108
774110
774112
774115
774119
774123
774128
774133
774134
774139
774141
774146
774149
774153
774159
774162
774166
774169
774180
774183
774188
774190
774192
774196
774202
774205
774216
774222
774226
774227
774232
774235
774240
774246
774249
774254
774259
774266
774268
774273
774274
774280
774284
774286
774290
774299
774311
774316
774318
774322
774325
774327
774331
774337
774343
774348
774350
774352
774358
774362
774369
774374
774379
774383
774387
774390
774394
774398
774401
774402
774406
774408
774411
774419
774421
774424
774426
774429
774432
774435
774441
774445
774448
774450
774454
774456
774464
774465
774468
774471
774478
774482
774486
774491
774493
774497
774500
774505
774510
774513
774324
774330
774335
774339
774341
774344
774349
774353
774357
774363
774365
774368
774371
774376
774380
774384
774388
774391
774395
774404
774409
774413
774422
774427
774434
774438
774442
774444
774446
774452
774458
774463
774467
774470
774473
774477
774483
774488
774492
774496
774499
774506
774508
774511
774516
774518
774520
774523
774528
774530
774533
774537
774540
774545
774548
774550
774554
774557
774561
774565
774567
774573
774576
774580
774582
774586
774591
774594
774596
774600
774605
774608
774612
774615
774621
774622
774623
774627
774631
774637
774640
774642
774643
774647
774650
774654
774658
774660
774664
774671
774679
774684
774688
774689
774696
774700
774704
774711
774713
774716
774719
774720
774724
774727
774731
774732
774736
774737
774742
774743
774748
774752
774756
774366
774372
774373
774378
774381
774385
774392
774397
774399
774403
774407
774412
774416
774417
774423
774428
774431
774437
774440
774447
774453
774459
774461
774466
774472
774475
774479
774481
774484
774487
774490
774494
774498
774502
774507
774512
774514
774515
774521
774522
774526
774531
774534
774536
774542
774547
774551
774553
774555
774559
774568
774569
774572
774575
774578
774581
774584
774589
774593
774598
774601
774606
774613
774616
774619
774624
774630
774635
774644
774646
774651
774656
774659
774661
774666
774669
774672
774674
774677
774681
774683
774686
774690
774693
774697
774701
774703
774707
774709
774715
774721
774725
774729
774734
774740
774746
774751
774755
774758
774763
774765
774769
774773
774784
774787
774789
774792
774797
774803
774805
774808
774811
774827
774489
774495
774501
774503
774504
774509
774519
774525
774527
774529
774538
774541
774544
774558
774560
774562
774564
774571
774577
774579
774583
774585
774590
774597
774599
774603
774607
774611
774614
774618
774625
774628
774632
774633
780673
780676
780679
780681
780683
780685
780686
780688
774517
774524
774532
774535
774636
774641
774648
774649
774652
774655
774663
774667
774670
774675
774680
774682
774687
774691
774694
774698
774702
774705
774708
774712
774717
774723
774726
774735
774738
774741
774747
774750
774754
774757
774761
774764
774768
774771
774774
774778
774781
774788
774796
780675
780682
780698
780700
780701
780704
780705
780707
780710
780712
780714
780715
780716
780736
780738
780742
780745
780747
780760
780762
780764
780766
780776
780794
774539
774543
774546
774549
774552
774556
774563
774566
774570
774574
774587
774588
774592
774595
774602
774604
774609
774610
774617
774620
774626
774629
774634
774638
774639
774645
774653
774657
774662
774665
774668
774673
774676
774678
774685
774692
774695
774699
774706
774710
774714
774718
774722
774728
774730
774733
774739
774744
774745
774749
774753
774759
774762
774767
774770
774775
774776
774783
774791
774794
774801
774804
774809
774814
774818
774821
774985
774996
774999
775006
775012
775015
775016
775020
775026
775088
775092
775096
775102
775108
775110
775112
775113
775117
775123
775128
775129
775132
775137
775139
775143
775148
775151
775155
775160
775164
775167
775170
775174
775179
775182
775188
775197
775199
775201
775205
775209
775210
775213
775218
775222
775229
775236
775244
775245
774760
774766
774772
774777
774779
774780
774782
774785
774786
774790
774793
774795
774798
774799
774800
774802
774806
774807
774810
774812
774813
774815
774816
774817
774819
774820
774822
774823
774824
774825
774826
774828
774829
774831
774832
774833
774835
774836
774838
774839
774840
774841
774843
774844
774845
774846
774847
774848
774850
774851
774852
774854
774855
774856
774858
774859
774860
774861
774863
774865
774867
774868
774869
774871
774872
774873
774874
774876
774877
774878
774879
774882
774884
774885
774886
774887
774889
774891
774892
774893
774895
774896
774897
774898
774899
774901
774903
774904
774905
774906
774908
774909
774910
774913
774914
774915
774917
774918
774919
774921
774922
774923
774925
774926
774927
774928
774930
774931
774933
774936
774937
774938
774939
774940
774951
774830
774834
774837
774842
774849
774853
774857
774862
774864
774866
774870
774875
774880
774881
774883
774888
774890
774894
774900
774902
774907
774911
774912
774916
774920
774924
774929
774932
774934
774935
774941
774943
774947
774948
774954
774957
774962
774966
774969
774972
774978
774980
774984
774987
774991
774992
774994
774997
775000
775004
775010
775014
775018
775021
775023
775027
775030
775032
775035
775038
775046
775051
775055
775057
775060
775062
775066
775072
775075
775081
775086
775090
775094
775099
775101
775105
775106
775109
775116
775120
775121
775124
775127
775133
775136
775140
775145
775150
775152
775157
775163
775168
775173
775176
775183
775185
775189
775192
775194
775202
775206
775211
775214
775217
775219
775220
775224
775225
775228
775232
775233
775238
775240
775243
775248
774942
774945
774946
774949
774952
774955
774956
774960
774961
774965
774970
774974
774977
774979
774986
774989
774990
774995
774998
775002
775005
775008
775009
775011
775017
775019
775022
775029
775034
775041
775044
775049
775054
775056
775065
775067
775070
775074
775083
775087
775340
775343
775347
775351
775354
775359
775360
775367
775369
775372
775377
775381
775388
775390
775394
775399
775403
775407
775415
775418
775423
775425
775429
775435
775436
775437
775441
775446
775450
775453
775456
775458
775461
775464
775468
775471
775475
775477
775483
775488
775493
775497
775501
775505
775508
775511
775514
775516
775519
775523
775527
775530
775532
775535
775538
775544
775548
775552
775555
775562
775566
775567
775571
775578
775581
775584
775587
775588
775589
775593
775598
775601
774944
774950
774953
774959
774963
774967
774971
774976
774981
774983
774988
774993
775001
775003
775007
775013
775024
775025
775028
775036
775039
775042
775045
775047
775050
775053
775058
775061
775063
775068
775071
775076
775078
775080
775084
775091
775093
775097
775100
775104
775107
775111
775114
775115
775118
775122
775126
775131
775135
775142
775144
775149
775153
775158
775161
775166
775171
775177
775178
775181
775184
775187
775190
775191
775195
775198
775203
775208
775215
775221
775223
775226
775230
775234
775237
775241
775247
775252
775255
775261
775268
775271
775274
775276
775281
775288
775294
775297
775303
775308
775313
775317
775319
775323
775329
775335
775338
775345
775346
775352
775355
775358
775361
775365
775370
775374
775378
775380
775382
775386
775391
775392
775397
775401
774958
774964
774968
774973
774975
774982
775031
775033
775037
775040
775043
775048
775052
775059
775064
775069
775073
775077
775079
775082
775085
775089
775095
775098
775103
775119
775125
775130
775134
775138
775141
775146
775147
775154
775156
775159
775162
775165
775169
775172
775175
775180
775186
775193
775196
775200
775204
775207
775212
775216
775227
775231
775235
775239
775242
775246
775249
775253
775254
775260
775263
775266
775270
775272
775278
775284
775287
775291
775293
775301
775306
775309
775311
775314
775315
775318
775320
775322
775325
775326
775330
775332
775334
775337
775341
775344
775349
775353
775356
775362
775363
775368
775373
775376
775383
775385
775389
775395
775398
775402
775406
775412
775414
775421
775427
775432
775434
775439
775444
775448
775454
775459
775462
775466
775250
775256
775257
775258
775264
775269
775275
775279
775282
775285
775289
775295
775296
775299
775302
775305
775307
775336
775494
775498
775502
775506
775509
775513
775518
775522
775533
775536
775540
775547
775551
775615
775617
775620
775622
775623
775627
775629
775634
775636
775639
775644
775649
775651
775653
775654
775655
775658
775659
775662
775664
775666
775668
775672
775674
775677
775679
775686
775690
775693
775696
775698
775702
775705
775708
775709
775712
775713
775716
775909
775912
775914
775918
775921
775925
775929
775932
775936
775938
775941
775943
775946
775948
775951
775954
775956
775959
775961
775964
775968
775972
775975
775976
775979
775982
775986
775989
775992
775995
775997
776001
776004
776006
776007
776009
776012
776016
776020
776023
776025
776028
776034
776039
776147
775251
775259
775262
775265
775267
775273
775277
775280
775283
775286
775290
775292
775298
775300
775304
775310
775312
775316
775321
775324
775327
775328
775331
775333
775339
775342
775348
775350
775357
775364
775366
775371
775375
775379
775384
775387
775393
775396
775400
775404
775405
775409
775413
775416
775417
775420
775424
775430
775440
775442
775445
775449
775451
775455
775457
775467
775472
775473
775478
775481
775485
775487
775490
775495
775500
775504
775510
775515
775520
775526
775529
775531
775537
775541
775543
775546
775549
775554
775557
775561
775564
775570
775573
775576
775586
775592
775596
775600
775605
775611
775624
775628
775630
775632
775640
775643
775646
775648
780678
780687
780689
780691
780693
780695
780734
780737
780739
780741
780744
780748
780752
780754
780757
780759
775408
775410
775411
775419
775422
775426
775428
775431
775433
775438
775443
775447
775452
775460
775463
775465
775469
775476
775482
775486
775491
775492
775496
775499
775503
775507
775512
775517
775521
775524
775525
775528
775534
775539
775542
775545
775550
775556
775559
775563
775568
775574
775577
775580
775585
775591
775594
775597
775602
775606
775607
775610
775613
775616
775619
775626
775633
775638
775641
775645
775650
775652
775657
775661
775663
775667
775669
775671
775719
775722
775725
775729
775732
775737
775740
775744
775746
775749
775751
775754
775757
775760
775761
775764
775767
775772
775777
775780
775782
775785
775787
775790
775794
775795
775797
775800
775801
775804
775807
775809
775810
775814
775816
775819
775821
775825
775826
775830
775832
775836
775838
775840
775470
775474
775479
775480
775484
775489
775553
775558
775560
775565
775569
775572
775575
775579
775582
775583
775590
775595
775599
775604
775608
775625
775631
775635
775637
775642
775647
775656
775660
775665
775670
775676
775680
775682
775684
775687
775689
775691
775694
775697
775700
775701
775704
775707
775710
775715
775717
775720
775724
775727
775730
775733
775734
775738
775741
775743
775748
775750
775752
775755
775758
775763
775765
775770
775773
775776
775778
775781
775784
775786
775789
775792
775796
775799
775802
775808
775811
775815
775817
775820
775823
775827
775829
775834
775837
775843
775844
775846
775847
775850
775854
775856
775860
775862
775865
775868
775872
775877
775880
775883
775886
775888
775893
775896
775898
775901
775905
775908
775910
775911
775916
775920
775922
775924
775603
776277
776279
776282
776285
776289
776292
776294
776297
776301
776305
776307
776311
776314
776316
776319
776322
776324
776329
776332
776335
776337
776338
776342
776344
776347
776349
776352
776354
776357
776363
776366
776368
776370
776373
776376
776378
776380
776383
776384
776388
776390
776393
776396
776398
776403
776406
776410
776413
776414
776418
776421
776422
776424
776426
776429
776432
776439
776443
776445
776448
776450
776452
776456
776459
776461
776462
776463
776466
776469
776472
776475
776478
776479
776483
776489
776492
776495
776496
776499
776503
776505
776508
776512
776514
776515
776518
776521
776522
776525
776528
776537
776541
776545
776548
776550
776553
776557
776559
776561
776564
776567
776569
776572
776574
776576
776580
776583
776585
775609
775612
775614
775618
775621
775673
775675
775678
775681
775683
775685
775688
775692
775695
775699
775703
775706
775711
775714
775718
775721
775723
775726
775728
775731
775735
775736
775739
775742
775745
775747
775753
775756
775759
775762
775766
775768
775769
775771
775774
775775
775779
775783
775788
775791
775793
775798
775803
775805
775806
775812
775813
775818
775822
775824
775828
775831
775833
775835
775839
775848
775852
775853
775855
775857
775858
775861
775863
775867
775870
775871
775874
775875
775878
775881
775884
775885
775887
775891
775895
775900
775902
775904
775907
775913
775915
775917
775919
775923
775926
775928
775933
775935
775937
775940
775944
775949
775952
775953
775957
776110
776112
776116
776120
776125
776128
776131
776133
776138
776140
776143
776145
775841
775842
775845
775849
775851
775859
775864
775866
775869
775873
775876
775879
775882
775889
775890
775892
775894
775897
775899
775903
775906
775960
775962
775965
775967
775971
775973
775974
775977
775981
775984
775987
775991
775994
775998
776000
776002
776008
776014
776018
776030
776031
776032
776036
776038
776042
776044
776048
776051
776057
776059
776062
776075
776077
776079
776082
776086
776088
776091
776094
776097
776101
776105
776108
776111
776114
776117
776119
776124
776127
776130
776135
776137
776142
776144
776149
776152
776155
776159
776162
776163
776168
776170
776173
776178
776180
776182
776186
776189
776191
776193
776194
776201
776204
776206
776210
776212
776214
776217
776219
776222
776225
776228
776232
776237
776238
776244
776249
776252
776255
776258
776262
776264
775927
775930
775931
775934
775939
775942
775945
775947
775950
775955
775958
775963
775966
775969
775970
775978
775980
775983
775985
775988
775990
775993
775996
775999
776003
776005
776010
776011
776013
776015
776017
776019
776021
776022
776024
776026
776027
776029
776033
776035
776037
776041
776045
776046
776049
776052
776054
776055
776061
776063
776065
776067
776069
776071
776073
776076
776080
776084
776087
776090
776093
776098
776100
776102
776106
776109
776113
776115
776118
776121
776122
776123
776126
776129
776132
776134
776136
776139
776141
776146
776148
776150
776153
776156
776158
776160
776164
776167
776171
776174
776176
776181
776183
776184
776196
776197
776199
776202
776207
776215
776218
776220
776226
776227
776230
776233
776235
776239
776242
776243
776246
776248
776250
776254
776040
776043
776047
776050
776053
776056
776058
776060
776064
776066
776068
776070
776072
776074
776078
776081
776083
776085
776089
776092
776095
776096
776099
776103
776104
776107
776302
776303
776306
776309
776312
776315
776317
776320
776325
776330
776333
776336
776341
776345
776346
776348
776351
776355
776358
776361
776364
776367
776372
776375
776379
776382
776386
776389
776391
776394
776397
776400
776401
776405
776408
776411
776415
776419
776420
776427
776433
776435
776437
776441
776444
776447
776451
776454
776455
776458
776460
776465
776468
776471
776474
776476
776480
776482
776486
776488
776491
776494
776498
776500
776504
776507
776510
776513
776516
776520
776523
776526
776529
776533
776536
776538
776540
776543
776546
776547
776551
776555
776556
776562
776151
776154
776157
776161
776165
776166
776169
776172
776175
776177
776179
776185
776187
776188
776190
776192
776195
776198
776200
776203
776205
776208
776209
776211
776213
776216
776221
776223
776224
776229
776231
776234
776236
776240
776241
776245
776247
776251
776253
776256
780684
780690
780692
780696
780702
780703
780706
780708
780709
780711
780713
780717
780718
780719
780720
780725
780727
780729
780731
780740
780743
780749
780750
780755
780756
780758
780765
780770
780779
780781
780782
780786
780789
776257
776259
776263
776266
776269
776274
776275
776278
776281
776284
776286
776290
776293
776295
776298
776300
776350
776353
776356
776359
776360
776362
776365
776369
776371
776374
776377
776381
776385
776387
776392
776395
776399
776402
776404
776407
776409
776412
776416
776417
776423
776425
776428
776430
776431
776434
776436
776438
776440
776442
776446
776449
776453
776457
776464
776467
776470
776473
776477
776481
776484
776485
776552
776554
776558
776560
776563
776566
776570
776575
776577
776581
776582
776586
776592
776596
776599
776601
776605
776612
776615
776616
776619
776624
776626
776628
776630
776633
776636
776638
776640
776643
776647
776650
776683
776690
776694
776698
776700
776701
776710
776713
776717
776719
776721
776722
776726
776730
776731
776735
776268
776271
776272
776972
776975
776979
777007
777009
777013
777016
777020
777022
777026
777029
777032
777035
777038
777040
777042
777047
777050
777051
777053
777057
777060
777063
777067
777072
777075
777079
777081
777085
777088
777091
777094
777102
777107
777110
777112
777115
777120
777123
777126
777140
777143
777149
780694
780722
780730
780732
780746
780751
780753
780761
780767
780773
780775
780777
780787
780788
780790
780791
776565
776568
776571
776573
776578
776579
776584
776587
776589
776590
776593
776594
776598
776603
776606
776607
776610
776614
776617
776621
776622
776625
776629
776632
776635
776639
776642
776645
776648
776653
776655
776658
776662
776665
776668
776669
776671
776674
776678
776680
776684
776687
776691
776692
776695
776697
776699
776702
776705
776708
776711
776712
776716
776929
776933
776938
776940
776943
776946
776949
776951
776954
776957
776958
776959
776966
776967
776971
776973
776977
776978
776981
776984
776986
776989
776990
776994
776996
776997
776999
777002
777005
777096
777097
777099
777103
777106
777108
777111
777114
777117
777119
777122
777125
777128
777130
777132
777134
777153
777155
777158
777161
777163
777165
777168
777170
777172
777175
777176
776588
776591
776595
776597
776600
776602
776604
776608
776609
776611
776613
776618
776620
776623
776627
776631
776634
776637
776641
776644
776646
776649
776651
776656
776657
776660
776663
776667
776670
776673
776676
776679
776682
776720
776725
776728
776732
776734
776737
776740
776743
776746
776747
776750
776754
776760
776763
776766
776768
776771
776775
776780
776782
776786
776787
776790
776793
776796
776798
776800
776801
776803
776806
776807
776811
776813
776816
776818
776821
776825
776828
776830
776832
776833
776834
776837
776841
776845
776850
776854
776859
776862
776863
776865
776867
776868
776870
776872
776875
776879
776882
776886
776889
776893
776896
776899
776904
776906
776910
776912
776918
776921
776923
776927
776931
776932
776936
776652
776654
776659
776661
776664
776666
776672
776675
776677
776681
776685
776686
776688
776689
776693
776696
776703
776704
776706
776707
776709
776714
776715
776718
776723
776724
776727
776729
776733
776736
776739
776742
776744
776748
776751
776753
776756
776758
776761
776765
776769
776772
776774
776777
776779
776781
776785
776788
776791
776794
776797
776799
776802
776805
776809
776810
776814
776817
776823
776826
776829
776839
776842
776843
776846
776847
776851
776853
776855
776857
776858
776861
776866
776869
776873
776876
776877
776881
776883
776884
776885
776887
776890
776892
776894
776898
776900
776903
776907
776909
776913
776916
776919
776922
776924
776928
776930
776934
776935
776937
776942
776944
776950
776953
776956
776962
776738
776741
776745
776749
776752
776755
776757
776759
776762
776764
776767
776770
776773
776776
776778
776783
776784
776789
776792
776795
776804
776808
776812
776815
776819
776820
776822
776824
776827
776831
776835
776836
776838
776840
776844
776848
776849
776852
776856
776860
776864
776871
776874
776878
776880
776888
776891
776895
776897
776901
776902
776905
776908
776911
776914
776915
776917
776920
776925
776926
777311
777358
777359
777360
777365
777366
777369
777371
777373
777377
777380
777383
777386
777388
777392
777394
777395
777397
777400
777407
777408
777411
777413
777416
777419
777428
777429
777432
777434
777437
777440
777442
777447
777450
777452
777455
777458
777461
777464
777466
777469
777472
777475
777482
777486
777487
777489
777494
777495
776939
776941
776945
776947
776948
776952
776955
776960
776961
776963
776965
776968
776982
776985
776988
776991
776993
776995
776998
777000
777003
777008
777010
777015
777019
777023
777024
777027
777031
777033
777034
777037
777039
777044
777045
777055
777056
777059
777061
777064
777068
777071
777073
777076
777078
777080
777084
777086
777087
777093
777095
777098
777100
777101
777104
777105
777109
777113
777116
777118
777121
777124
777127
777129
777131
777133
777135
777137
777139
777142
777144
777146
777147
777151
777152
777156
777160
777162
777167
777171
777174
777177
777180
777184
777186
777188
777192
777194
777197
777201
777204
777205
777211
777212
777215
777218
777223
777227
777230
777238
777242
777246
777248
777250
777253
777258
777261
777265
777266
777270
776964
776969
776970
776974
776976
776980
776983
776987
776992
777001
777004
777006
777011
777012
777014
777017
777018
777021
777025
777028
777030
777036
777041
777043
777046
777048
777049
777052
777054
777058
777062
777065
777066
777069
777070
777074
777077
777082
777083
777089
777090
777092
777136
777138
777141
777145
777148
777150
777154
777157
777159
777164
777166
777169
777173
777178
777182
777187
777190
777193
777196
777199
777202
777206
777208
777210
777213
777216
777219
777222
777224
777225
777229
777232
777233
777235
777237
777240
777243
777247
777249
777251
777255
777257
777259
777262
777264
777268
777272
777276
777278
777279
777281
777283
777285
777287
777290
777293
777296
777299
777300
777305
777306
777310
777313
777314
777318
777319
777322
777325
777179
777181
777183
777185
777189
777191
777195
777198
777200
777203
777207
777209
777214
777217
777220
777221
777226
777228
777231
777234
777236
777239
777241
777244
777245
777252
777254
777256
777260
777263
777267
777269
777274
777284
777289
777295
777298
777301
777303
777308
777317
777320
777324
777330
777333
777338
777341
777344
777348
777349
777352
777355
777445
777448
777451
777454
777457
777459
777462
777468
777471
777476
777478
777481
777484
777490
777493
777498
777501
777506
777508
777511
777514
777517
777520
777521
777526
777528
777530
777532
777533
777534
777538
777541
777543
777548
777552
777555
777557
777561
777563
777566
777569
777572
777574
777576
777579
777580
777582
777585
777589
777592
777595
777597
777598
777602
777606
777607
777608
777609
777613
777615
777271
777273
777275
777277
777280
777282
777286
777288
777291
777292
777294
777297
777302
777304
777307
777309
777312
777315
777316
777321
777323
777326
777327
777329
777332
777335
777337
777340
777343
777346
777351
777353
777356
777361
777364
777367
777370
777374
777376
777378
777381
777385
777389
777390
777391
777393
777398
777402
777403
777406
777410
777414
777417
777418
777422
777424
777427
777430
777433
777435
777438
777441
777444
777446
777449
777453
777456
777460
777463
777465
777467
777470
777473
777474
777477
777479
777480
777590
777594
777599
777601
777605
777610
777612
777616
777618
777620
777623
777625
777630
777632
777635
777639
777643
777644
777649
777652
777653
777654
777656
777658
777660
777663
777666
777671
777675
777678
777681
777684
777688
777690
777692
777695
777700
777328
777331
777334
777336
777339
777342
777345
777347
777350
777354
777357
777362
777363
777368
777372
777375
777379
777382
777384
777387
777396
777399
777401
777404
777405
777409
777412
777415
777420
777421
777423
777425
777426
777431
777436
777439
777443
777483
777485
777488
777491
777492
777496
777497
777502
777503
777505
777510
777513
777515
777518
777523
777524
777527
777529
777531
777535
777537
777539
777540
777542
777544
777546
777549
777551
777554
777556
777559
777565
777567
777571
777578
777583
777584
777587
777591
777593
777596
777600
777603
777604
777611
777614
777617
777621
777624
777627
777673
777676
777680
777683
777687
777689
777693
777696
777699
777703
777705
777708
777712
777715
777720
777723
777725
777727
777730
777732
777734
777737
777739
777742
777746
777499
777500
777504
777507
777509
777512
777516
777519
777522
777525
777536
777545
777547
777550
777553
777558
777560
777562
777564
777568
777570
777573
777575
777577
777581
777586
777588
777628
777631
777636
777637
777641
777645
777646
777651
777659
777662
777665
777667
777669
777799
777802
777805
777806
777809
777810
777813
777818
777822
777826
777829
777830
777832
777835
777838
777841
777847
777848
777851
777854
777856
777859
777861
777863
777867
777869
777871
777875
777877
777879
777881
777883
777885
777960
777962
777963
777966
777969
777972
777975
777977
777988
777990
777993
777996
778000
778003
778007
778011
778015
778018
778023
778027
778032
778034
778037
778038
778043
778047
778050
778053
778056
778058
778061
778063
778067
778070
778071
778076
778080
778083
778086
778089
778092
777619
777622
777626
777629
777633
777634
777638
777640
777642
777647
777648
777650
777655
777657
777661
777664
777668
777670
777672
777674
777677
777679
777682
777685
777686
777691
777694
777697
777698
777701
777704
777707
777710
777711
777714
777716
777719
777722
777726
777728
777731
777736
777738
777740
777743
777745
777750
777756
777758
777761
777764
777768
777770
777773
777774
777777
777780
777782
777784
777787
777791
777793
777796
777887
777889
777893
777894
777896
777898
777903
777905
777909
777913
777914
777917
777919
777922
777925
777928
777930
777934
777937
777941
777943
777947
777951
777953
778127
778130
778133
778137
778141
778142
778146
778149
778153
778156
778160
778207
778211
778215
778217
778219
778221
778226
778227
778230
778232
778237
778242
778286
778288
778295
778298
777702
777706
777709
777713
777717
777718
777721
777724
777729
777733
777735
777741
777744
777747
777749
777751
777752
777754
777757
777762
777765
777767
777771
777775
777778
777781
777785
777788
777789
777794
777797
777798
777801
777803
777807
777812
777814
777817
777819
777821
777823
777824
777827
777831
777834
777836
777839
777842
777845
777849
777852
777858
777864
777866
777870
777872
777874
777876
777878
777882
777886
777890
777891
777897
777900
777904
777907
777910
777912
777915
777918
777920
777924
777927
777931
777932
777935
777936
777939
777944
777946
777949
777956
777957
777959
777964
777965
777967
777970
777974
777976
777980
777984
777986
777989
777991
777995
777998
777999
778002
778004
778006
778010
778013
778016
778019
778022
778025
778029
778033
778036
778040
778042
778044
778046
777748
777753
777755
777759
777760
777763
777766
777769
777772
777776
777779
777783
777786
777790
777792
777795
777800
777804
777808
777811
777815
777816
777820
777825
777828
777833
777837
777840
777843
777844
777846
777850
777853
777855
777857
777860
777862
777865
777868
777873
777880
777884
778170
777888
777892
777895
777899
777901
777902
777906
777908
777911
777916
777921
777923
777926
777929
777933
777938
777940
777942
777945
777948
777950
777952
777954
777955
777958
777961
777968
777971
777973
777978
777979
777981
777982
777983
777985
777987
777992
777994
777997
778001
778005
778008
778009
778012
778014
778017
778020
778021
778024
778026
778028
778030
778031
778035
778039
778041
778045
778049
778052
778055
778060
778062
778066
778069
778072
778073
778075
778077
778079
778081
778084
778088
778091
778048
778051
778054
778057
778059
778064
778065
778068
778074
778078
778082
778085
778087
778090
778093
778096
778098
778102
778104
778107
778110
778112
778115
778117
778120
778123
778126
778128
778135
778136
778138
778140
778144
778148
778151
778154
778155
778158
778161
778163
778166
778173
778178
778181
778182
778185
778191
778194
778198
778199
778201
778246
778250
778255
778258
778263
778266
778268
778271
778273
778275
778278
778332
778334
778337
778341
778346
778348
778350
778354
778356
778358
778361
778365
778367
778369
778372
778374
778376
778379
778381
778383
778385
778388
778391
778394
778396
778399
778400
778403
778404
778406
778407
778409
778413
778416
778418
778420
778425
778428
778431
778434
778436
778440
778443
778446
778449
778454
778503
778506
778511
778512
778517
778094
778097
778099
778103
778106
778109
778113
778116
778119
778125
778129
778131
778132
778134
778139
778143
778145
778147
778150
778152
778157
778159
778162
778165
778168
778169
778172
778175
778179
778184
778186
778189
778190
778193
778196
778202
778204
778206
778208
778209
778213
778216
778220
778223
778225
778231
778234
778236
778239
778240
778244
778247
778248
778253
778256
778257
778260
778262
778265
778269
778277
778280
778282
778285
778290
778291
778293
778297
778300
778304
778307
778311
778313
778317
778320
778322
778326
778329
778377
778378
778387
778389
778392
778395
778397
778402
778411
778415
778417
778457
778459
778463
778466
778468
778471
778475
778478
778482
778486
778488
778491
778496
778497
778500
778505
778507
778510
778513
778515
778524
778528
778533
778535
778095
778100
778101
778105
778108
778111
778114
778118
778121
778122
778124
778164
778167
778171
778174
778176
778177
778180
778183
778187
778188
778192
778195
778197
778200
778203
778205
778210
778212
778214
778218
778222
778224
778228
778229
778233
778235
778238
778241
778243
778245
778249
778251
778252
778254
778259
778261
778264
778267
778270
778272
778274
778276
778279
778281
778283
778284
778287
778289
778292
778294
778296
778299
778303
778306
778308
778310
778314
778316
778318
778323
778325
778328
778333
778336
778338
778339
778343
778345
778349
778351
778353
778360
778364
778366
778368
778370
778373
778421
778423
778424
778427
778429
778433
778437
778439
778441
778444
778448
778451
778453
778455
778456
778460
778462
778465
778467
778472
778474
778476
778479
778480
778301
778302
778305
778309
778312
778315
778319
778321
778324
778327
778330
778331
778335
778340
778342
778344
778347
778352
778355
778357
778359
778362
778363
778371
778375
778380
778382
778384
778386
778390
778393
778398
778401
778405
778408
778410
778412
778414
778419
778422
778426
778430
778432
778435
778438
778442
778445
778447
778450
778452
778458
778461
778464
778469
778470
778473
778477
778481
778484
778485
778489
778492
778493
778495
778499
778501
778550
778701
778739
778741
778744
778747
778748
778752
778753
778758
778760
778761
778765
778767
778771
778775
778780
778784
778787
778928
778932
778935
778937
778940
778942
778945
778949
778953
778955
778958
778962
778965
778968
778976
778980
778982
778984
778987
778991
778993
778996
778997
779001
779005
779006
779007
779011
778483
778487
778490
778494
778498
778502
778504
778508
778509
778514
778516
778518
778520
778523
778526
778530
778531
778532
778539
778541
778545
778548
778553
778554
778557
778558
778559
778561
778562
778563
778566
778568
778570
778573
778574
778578
778581
778583
778586
778589
778592
778594
778597
778600
778602
778606
778609
778610
778614
778615
778618
778619
778621
778624
778628
778631
778632
778634
778637
778639
778641
778645
778647
778649
778650
778653
778661
778663
778665
778669
778671
778674
778678
778679
778684
778686
778688
778694
778697
778700
778702
778704
778706
778709
778711
778715
778718
778721
778726
778728
778729
778732
778735
778743
778746
778749
778751
778754
778756
778762
778764
778766
778769
778772
778774
778777
778779
778781
778782
778785
778786
778789
778519
778521
778522
778525
778527
778529
778534
778536
778538
778540
778543
778546
778549
778551
778555
778567
778571
778576
778577
778582
778584
778587
778590
778593
778595
778599
778601
778604
778608
778612
778613
778616
778622
778625
778627
778629
778633
778636
778638
778642
778644
778648
778652
778654
778655
778656
778657
778660
778662
778666
778667
778670
778675
778677
778681
778691
778692
778695
778698
778712
778714
778717
778719
778722
778725
778731
778733
778737
778740
778742
778745
778750
778755
778757
778759
778763
778768
778770
778773
778776
778778
778783
778788
778790
778793
778796
778799
778802
778804
778808
778811
778812
778816
778819
778824
778826
778829
778832
778833
778836
778839
778842
778845
778849
778851
778852
778854
778858
778861
778864
778866
778869
778871
778537
778542
778544
778547
778552
778556
778560
778564
778565
778569
778572
778575
778579
778580
778585
778588
778591
778596
778598
778603
778605
778607
778611
778617
778620
778623
778626
778630
778635
778640
778643
778646
778651
778658
778659
778664
778668
778672
778673
778676
778680
778682
778683
778685
778687
778689
778690
778693
778696
778699
778703
778705
778707
778708
778710
778713
778716
778720
778723
778724
778727
778730
778734
778736
778738
778791
778794
778795
778798
778801
778803
778806
778810
778814
778818
778820
778822
778827
778831
778837
778840
778843
778846
778850
778855
778857
778860
778863
778868
778875
778878
778881
778884
778888
778891
778894
778899
778900
778903
778906
778908
778911
778913
778916
778917
778922
778924
778929
778930
778933
778934
778938
778943
778792
778797
778800
778805
778807
778809
778813
778815
778817
778821
778823
778825
778828
778830
778834
778835
778838
778841
778844
778847
778848
778853
778856
778859
778862
778865
778867
778870
778872
778876
778880
778883
778886
778889
778893
778896
778898
778902
778905
778909
778910
778915
778918
778920
778923
778926
779095
779097
779100
779103
779108
779110
779111
779112
779114
779117
779120
779122
779124
779129
779131
779136
779140
779142
779146
779150
779155
779159
779161
779163
779166
779169
779172
779175
779179
779182
779183
779189
779191
779192
779195
779199
779203
779206
779207
779208
779213
779216
779219
779220
779223
779225
779227
779231
779232
779237
779242
779245
779248
779252
779256
779261
779265
779268
779272
779274
779276
779279
779282
779284
779286
779288
779291
778873
778874
778877
778879
778882
778885
778887
778890
778892
778895
778897
778901
778904
778907
778912
778914
778919
778921
778925
778927
778931
778936
778939
778941
778944
778947
778948
778951
778954
778956
778957
778960
778961
778964
778969
778971
778973
778974
778977
778978
778981
778983
778986
778988
778989
778992
778995
778999
779002
779003
779004
779009
779012
779015
779016
779018
779022
779024
779027
779029
779032
779034
779036
779042
779043
779048
779051
779054
779057
779060
779063
779064
779067
779070
779073
779075
779079
779084
779085
779088
779092
779096
779098
779101
779102
779104
779106
779115
779119
779126
779128
779132
779135
779138
779141
779143
779145
779148
779151
779153
779154
779158
779164
779168
779173
779174
779181
779185
779187
779190
779193
779197
779198
779202
778946
778950
778952
778959
778963
778966
778967
778970
778972
778975
778979
778985
778990
778994
778998
779000
779008
779010
779014
779019
779021
779026
779028
779033
779038
779040
779044
779047
779050
779053
779055
779056
779059
779062
779066
779068
779071
779077
779080
779081
779082
779086
779089
779090
779093
779094
779099
779105
779107
779109
779113
779116
779118
779121
779123
779125
779127
779364
779366
779380
779385
779388
779392
779395
779397
779404
779406
779411
779416
779419
779420
779422
779426
779428
779430
779432
779436
779438
779442
779446
779449
779454
779455
779457
779460
779464
779466
779470
779510
779512
779515
779518
779522
779526
779529
779530
779537
779539
779541
779547
779549
779552
779553
779558
779564
779565
779568
779571
779577
779581
779585
779586
779588
779013
779017
779020
779023
779025
779030
779031
779035
779037
779039
779041
779045
779046
779049
779052
779058
779061
779065
779069
779072
779074
779076
779078
779083
779087
779091
779130
779133
779134
779137
779139
779144
779147
779149
779152
779156
779157
779160
779162
779165
779167
779170
779171
779176
779177
779178
779180
779184
779186
779188
779194
779196
779200
779201
779204
779210
779211
779215
779217
779221
779226
779229
779234
779236
779239
779240
779243
779246
779249
779251
779254
779255
779258
779260
779264
779266
779269
779270
779273
779277
779281
779285
779290
779293
779295
779297
779302
779304
779307
779311
779314
779319
779320
779324
779326
779328
779332
779333
779336
779342
779347
779350
779353
779356
779360
779362
779365
779368
779370
779372
779373
779375
779376
779378
779205
779209
779212
779214
779218
779222
779224
779228
779230
779233
779235
779238
779241
779244
779247
779250
779253
779257
779259
779262
779263
779267
779271
779275
779278
779280
779283
779287
779289
779292
779294
779296
779299
779303
779306
779308
779310
779313
779316
779318
779321
779322
779327
779331
779334
779337
779339
779340
779343
779345
779348
779352
779355
779357
779359
779472
779473
779475
779477
779481
779485
779489
779493
779495
779500
779501
779503
779506
779509
779514
779516
779520
779521
779523
779525
779528
779532
779534
779536
779595
779596
779598
779600
779603
779605
779606
779609
779612
779614
779617
779621
779624
779625
779630
779632
779636
779637
779642
779645
779647
779650
779652
779656
779659
779662
779666
779667
779672
779673
779677
779679
779682
779684
779298
779300
779301
779305
779309
779312
779315
779317
779323
779325
779329
779330
779335
779338
779341
779344
779346
779349
779351
779354
779358
779361
779363
779367
779369
779371
779374
779377
779379
779382
779383
779387
779389
779391
779393
779396
779399
779401
779403
779407
779408
779412
779415
779418
779421
779423
779425
779427
779431
779434
779437
779440
779443
779445
779448
779451
779452
779456
779459
779461
779463
779467
779468
779469
779474
779478
779480
779484
779487
779488
779492
779494
779497
779499
779502
779505
779508
779540
779542
779544
779546
779548
779550
779554
779556
779557
779560
779563
779566
779567
779569
779570
779572
779573
779576
779579
779582
779583
779587
779590
779591
779593
779599
779602
779608
779611
779615
779618
779619
779623
779626
779381
779384
779386
779390
779394
779398
779400
779402
779405
779409
779410
779413
779414
779417
779424
779429
779433
779435
779439
779441
779444
779447
779450
779453
779458
779462
779465
779471
779476
779479
779482
779483
779486
779490
779491
779496
779498
779504
779507
779511
779513
779517
779519
779524
779527
779531
779533
779535
779538
779543
779545
779551
779555
779559
779561
779562
779574
779575
779578
779580
779584
779589
779594
779597
779601
779604
779607
779610
779613
779616
779620
779622
779627
779629
779633
779634
779639
779641
779643
779646
779649
779654
779655
779660
779661
779664
779668
779699
779702
779706
779709
779712
779720
779723
779726
779728
779731
779734
779738
779742
779748
779751
779754
779760
779765
779767
779769
779771
779776
779779
779781
779783
779592
779674
779678
779681
779685
779686
779691
779695
779700
779704
779708
779711
779714
779718
779719
779721
779725
779729
779732
779736
779739
779740
779743
779747
779750
779753
779757
779758
779761
779763
779766
779770
779773
779775
779778
779785
779786
779790
779791
779793
779795
779797
779800
779803
779805
779808
779810
779813
779818
779820
779824
779826
779831
779832
779835
779837
779841
779845
779848
779850
779854
779857
779859
779863
779865
779868
779869
779871
779875
779877
779881
779886
779888
779892
779894
779897
779901
779905
779907
779910
779915
779917
779923
779926
779928
779929
779931
779935
779939
779942
779946
779951
779955
779957
779960
779962
779966
779969
779972
779975
779976
779981
779984
779991
779992
779997
780001
780003
780006
780009
780012
779628
779631
779635
779638
779640
779644
779648
779651
779653
779657
779658
779663
779665
779669
779670
779671
779675
779676
779680
779683
779687
779690
779692
779694
779696
779698
779701
779703
779705
779707
779710
779713
779715
779716
779717
779722
779724
779727
779730
779733
779735
779774
779777
779780
779782
779784
779788
779792
779802
779804
779807
779809
779811
779815
779914
779916
779920
779922
779932
779934
779937
779941
779943
779944
779945
779948
780293
780295
780297
780301
780303
780306
780307
780308
780311
780312
780313
780315
780316
780318
780320
780322
780326
780328
780332
780336
780341
780344
780348
780351
780354
780358
780361
780362
780364
780368
780373
780533
780536
780539
780541
780544
780545
780548
780550
780551
780554
780558
780559
780562
780565
780567
780570
779688
779689
779693
779697
779737
779741
779744
779745
779746
779749
779752
779755
779756
779759
779762
779764
779768
779772
779816
779819
779823
779827
779829
779834
779838
779839
779842
779844
779847
779852
779853
779856
779858
779861
779864
779867
779872
779876
779880
779882
779884
779887
779890
779895
779898
779899
779902
779904
779908
779912
779950
779953
779959
779963
779965
779971
779974
779977
779979
779982
779985
779986
779988
779990
779993
779995
779998
780000
780004
780008
780011
780014
780016
780017
780020
780022
780025
780029
780032
780036
780039
780044
780046
780049
780050
780054
780057
780060
780064
780068
780072
780076
780079
780081
780085
780088
780089
780093
780096
780098
780103
780105
780107
780111
780115
780118
780120
780123
780126
780129
780133
780135
780137
779787
779789
779794
779796
779798
779799
779801
779806
779812
779814
779817
779821
779822
779825
779828
779830
779833
779836
779840
779843
779846
779849
779851
779855
779860
779862
779866
779870
779873
779874
779878
779879
779883
779885
779889
779891
779893
779896
779900
779903
779906
779909
779911
779913
779918
779919
779921
779924
779925
779927
779930
779933
779936
779938
779940
779947
779949
779952
779954
779956
779958
779961
779964
779967
779968
779970
779973
779978
779980
779983
779987
779989
779994
779996
779999
780002
780005
780007
780010
780013
780018
780021
780024
780027
780030
780033
780034
780038
780041
780043
780051
780053
780055
780058
780061
780063
780066
780069
780070
780073
780075
780078
780080
780083
780084
780087
780091
780095
780099
780102
780104
780015
780019
780023
780026
780028
780031
780035
780037
780040
780042
780045
780047
780048
780052
780056
780059
780062
780065
780067
780071
780074
780077
780082
780086
780090
780092
780094
780097
780100
780101
780106
780108
780110
780112
780114
780116
780121
780124
780125
780128
780131
780134
780138
780141
780145
780149
780150
780153
780156
780158
780161
780163
780166
780168
780170
780176
780178
780180
780185
780188
780190
780192
780197
780200
780203
780207
780211
780214
780217
780220
780224
780226
780228
780232
780235
780239
780243
780245
780248
780249
780251
780257
780258
780260
780267
780269
780270
780274
780277
780282
780285
780287
780291
780292
780334
780335
780338
780339
780345
780346
780349
780350
780352
780355
780357
780370
780372
780375
780376
780378
780382
780386
780389
780392
780109
780113
780117
780119
780122
780127
780130
780132
780136
780140
780143
780144
780146
780148
780152
780157
780159
780160
780165
780172
780174
780177
780181
780183
780187
780191
780194
780196
780198
780202
780204
780206
780209
780212
780215
780218
780222
780225
780229
780231
780234
780238
780240
780241
780246
780250
780253
780254
780255
780261
780263
780265
780268
780271
780273
780276
780278
780280
780283
780286
780288
780290
780294
780296
780299
780302
780309
780310
780314
780317
780319
780321
780324
780325
780327
780330
780331
780333
780337
780340
780342
780343
780347
780353
780356
780359
780360
780363
780365
780366
780367
780369
780371
780374
780379
780381
780384
780387
780388
780390
780393
780396
780399
780400
780402
780406
780408
780411
780414
780415
780417
780420
780423
780425
780139
780142
780147
780151
780154
780155
780162
780164
780167
780169
780171
780173
780175
780179
780182
780184
780186
780189
780193
780195
780199
780201
780205
780208
780210
780213
780216
780219
780221
780223
780227
780230
780233
780236
780237
780242
780244
780247
780252
780256
780259
780262
780264
780266
780272
780275
780279
780281
780284
780289
780298
780300
780304
780305
780323
780329
780377
780380
780383
780385
780391
780395
780397
780401
780404
780407
780410
780413
780419
780422
780424
780429
780433
780438
780439
780442
780446
780450
780453
780455
780458
780461
780464
780467
780472
780476
780478
780481
780483
780486
780490
780492
780494
780498
780500
780502
780505
780509
780512
780516
780520
780524
780526
780528
780531
780576
780578
780580
780583
780585
780589
780593
780594
780596
780394
780398
780403
780405
780409
780412
780416
780418
780421
780426
780432
780434
780435
780437
780441
780444
780448
780451
780452
780457
780459
780462
780465
780468
780470
780473
780475
780480
780485
780487
780489
780491
780495
780497
780499
780503
780507
780510
780513
780514
780517
780519
780522
780529
780532
780534
780537
780542
780553
780556
780560
780564
780566
780569
780573
780577
780579
780582
780584
780588
780592
780597
780600
780604
780606
780613
780617
780622
780625
780628
780631
780632
780635
780639
780642
780647
780648
780650
780654
780658
780660
780663
780667
780671
780763
780768
780769
780771
780772
780774
780778
780780
780784
780427
780428
780430
780431
780436
780440
780443
780445
780447
780449
780454
780456
780460
780463
780466
780469
780471
780474
780477
780479
780482
780484
780488
780493
780496
780501
780504
780506
780508
780511
780515
780518
780521
780523
780525
780527
780530
780535
780538
780540
780543
780546
780547
780549
780552
780555
780557
780561
780563
780568
780571
780572
780574
780575
780581
780586
780587
780590
780591
780595
780599
780603
780605
780608
780609
780610
780614
780615
780616
780619
780621
780624
780627
780629
780634
780637
780640
780641
780644
780646
780651
780655
780661
780662
780666
780668
780670
780598
780601
780602
780607
780611
780612
780618
780620
780623
780626
780630
780633
780636
780638
780643
780645
780649
780652
780653
780656
780657
780659
780664
780665
780669